1422407802,7,1385864
69329383,16,1203861
611965569,4,1203824
123724646,1,1203846
554174377,1,1203844
52730560,1,1204048
395668715,1,1204275
903456221,1,1204313
280188463,1,1204380
153638144,1,1204633
65765861,1,1204677
133197893,1,1204679
598395264,1,1204911
119617202,1,1205902
495253284,1,1206088
67091402,1,1206208
771423536,1,1206851
531016045,1,1207059
229814635,1,1207924
22775243,3,1209159
512628707,1,1210795
274171316,1,1212051
271661634,1,1212855
120654085,1,1213236
282413558,1,1216547
1174261171,2,1234688
1742901315,1,1235203
2370733239,1,1236187
981498453,1,1287911
372261327,1,1288271
398245947,1,1288818
31015623,1,1289615
14381874,1,1304510
361146472,1,1330671
980658116,1,1410498
1067478543,2,1497186
695781625,1,1501523
78105612,2,1731705
250184112,4,1809214
421524890,1,1809871
943235615,2,1811313
617020591,1,1817210
1798536297,12,1818910
1106697189,10,1818923
2389786412,10,1818942
2423804797,11,1818959
2569187596,12,1818993
1937409075,9,1819008
2573299157,9,1819025
2356425039,9,1819036
2229324436,10,1819068
2243600625,9,1819080
2241516239,8,1819092
2230606472,9,1819109
2493561384,9,1819129
2388984526,10,1832730
2463725297,8,1832819
119614016,2,1833294
826386508,2,1837205
494050996,2,1839667
270704706,1,1840120
84923893,1,1840838
34811389,2,1841253
872097071,2,1841741
103945900,2,1851213
981427523,13,1894518
287733834,4,1902707
879412982,1,1922719
478994501,3,1932440
695553220,24,1935264
1715209870,16,1936978
51276690,1,1948424
420442047,3,1968676
120389735,1,2001832
953579974,1,2007875
812146696,1,2008796
133199391,1,2008713
133199393,1,2016090
441530143,1,2021130
343767065,1,2022409
1577489432,1,2085597
1583457130,1,2092411
498619971,1,2097282
83689343,1,2100497
1662859331,3,2106198
53803469,1,2108851
1753885709,1,2116131
561374827,1,2174126
82341335,1,2186939
418957925,2,2202894
