1162196175,1,1419297
1279472842,1,1431324
1279482647,1,1431345
1279485029,1,1431359
1279505799,1,1431381
1279528027,1,1431404
1279554997,1,1431427
1279582637,1,1431461
1279588841,1,1431489
1279598947,1,1431498
1279601789,1,1431532
1279612564,1,1431550
1279613565,1,1431572
1279618357,1,1431608
1279638887,1,1431636
1279642628,1,1431660
1279642937,1,1431667
1279666424,1,1431704
1279670160,1,1431728
1279675068,1,1431748
1279689639,1,1431786
1279697691,1,1431802
1279739042,1,1431828
1279759886,1,1431846
1526077925,6,1432001
1544785998,5,1432019
1460910773,6,1432052
1478336155,6,1432066
1405591849,6,1432098
1472788670,5,1432124
1420014060,6,1432151
1526262767,5,1432172
1544669557,6,1432184
1545359478,5,1432219
1460863166,6,1432230
1493556436,2,1434771
1472524884,2,1434800
1478630140,3,1434822
1507089375,3,1434825
1524756246,1,1434846
1503624085,2,1434865
1524774968,1,1434874
1544090627,3,1434891
1524808755,1,1434891
1524864875,1,1434901
1444737155,3,1434913
1524882977,1,1434927
1276469851,3,1434932
1524905882,1,1434965
1276479482,3,1434975
1524927667,1,1434986
1276554024,2,1434984
1524938154,1,1435012
1276618199,3,1435009
1524940153,1,1435030
1276618434,3,1435033
1524947893,1,1435062
1276626182,3,1435072
1524949554,1,1435072
1276653346,3,1435088
1524960638,1,1435103
1276704737,3,1435118
1526005866,1,1435133
1276713346,3,1435135
1526070782,1,1435146
1276747984,2,1435157
1276781697,3,1435187
1276783287,2,1435214
1276820290,2,1435247
1276851096,2,1435264
1276859195,3,1435280
1276898348,3,1435309
1276898436,2,1435333
332463515,1,1435708
1260893415,1,1436502
1718954587,2,1436616
1718963636,2,1436639
1718968564,2,1436659
1718971794,1,1436682
1718994087,2,1436713
1718995669,2,1436733
1722008585,2,1436756
1722019547,2,1436769
1722038489,1,1436802
1722052362,2,1436826
1722054554,2,1436846
1722086837,1,1436874
1722125381,2,1436886
1722128843,2,1436910
1722153589,2,1436936
1279947388,2,1437400
1279957487,2,1437434
1279963299,2,1437462
1279973056,2,1437480
1279991842,2,1437506
1279993891,2,1437536
1280550431,2,1437564
1280559879,2,1437576
1280630349,2,1437596
1280692298,2,1437636
1280800961,2,1437651
1280941592,2,1437690
1295070061,2,1437713
1295168129,2,1437736
1295208971,2,1437755
1295212747,2,1437790
1295237126,2,1437818
1295282721,2,1437837
1295296992,2,1437851
1295303422,2,1437881
1295304386,2,1437910
1295308125,2,1437917
1295325864,1,1439147
1295338663,1,1439164
1295410623,1,1439200
1295412054,1,1439220
1295413924,1,1439249
1295421680,1,1439274
1718620064,1,1439298
1718623675,1,1439327
1718714830,1,1439339
1718864479,1,1439375
1718867961,1,1439402
1718885335,1,1439428
1718890392,1,1439444
1718891042,1,1439478
1718896180,1,1439502
1718914749,1,1439520
1718917886,1,1439556
1718919332,1,1439584
1718922372,1,1439612
1718923132,1,1439643
1718924651,1,1439657
1276900565,1,1439733
1276922943,1,1439763
1276948071,1,1439793
1276972979,1,1439811
1276977059,1,1439851
1279019059,1,1439897
1279039499,1,1439927
1279051681,1,1439951
1279058380,1,1439979
1279083045,1,1439999
1279113656,1,1440032
1279117264,1,1440037
1279135983,1,1440064
1279152597,1,1440085
305972938,1,1440104
1279211569,1,1440118
1279217490,1,1440153
1279236237,1,1440173
1279258984,1,1440208
1279285426,1,1440230
1279415545,1,1440252
1279418336,1,1440272
1279465945,1,1440298
1722168846,1,1446080
1722179463,1,1446108
1722185884,1,1446137
1722243248,1,1446160
1722282485,1,1446177
1722292040,1,1446214
1722295359,1,1446239
1722298421,1,1446265
1722302569,1,1446283
1722306923,1,1446313
1722314954,1,1446327
1722315734,1,1446370
1722318134,1,1446381
1722354195,1,1446407
1722354624,1,1446426
1722359057,1,1446443
1722363892,1,1446484
1722372081,1,1446499
184578488,1,1462412
494194443,1,1462444
519941987,1,1462479
867620206,1,1462547
414140876,1,1462580
727883375,1,1462635
782776774,1,1462677
359455611,1,1462742
962140648,1,1462801
1400922040,1,1464054
1503703921,1,1464071
1537783034,1,1464115
1516667598,1,1464266
1493696188,1,1464300
1470015673,1,1464328
1307599598,1,1464396
1827938721,1,1464793
1785324029,1,1464905
1801736481,1,1464934
